--------------------INPUT DATA---------------------------------------------
[[ 13.14703274 -19.8118231 ]
 [ 10.24592717   7.95373492]
 [-20.56769507   8.68464484]
 [-13.58465635  21.94036504]
 [-14.23121874   8.57661163]
 [ -8.47422847   5.15621613]
 [-15.64719728   3.32039056]
 [  1.31699547  -5.38274816]
 [ 10.42163247  23.45279171]
 [-11.64621294  -0.87217731]
 [ 12.74780931   0.19913032]
 [-24.68241909  21.16594535]
 [-10.86057533 -23.24587959]
 [-22.47779916   6.69516468]
 [-10.02833317  11.09354511]
 [ 22.19384568 -20.81599498]
 [  9.4073989  -15.80141025]
 [  7.4639071  -21.94078496]
 [ -2.7471552   -8.47244873]
 [-22.63814659   6.10417437]
 [ 21.9265387   15.53137584]
 [ 12.09288782 -11.65283671]
 [  3.28969027 -14.15854536]
 [ 22.42614347 -17.79484871]
 [ 10.99442024 -22.39709701]
 [ -2.35517413 -24.97195933]
 [ -8.64043052  -0.79201145]
 [  2.91722251 -12.27214032]
 [ 11.79487022 -11.3924611 ]
 [ -8.50961599  18.4104395 ]
 [ -6.41766882 -16.57062517]
 [ 12.29630776 -13.58191606]
 [-20.08588052 -21.4203383 ]
 [ 24.55963843  -1.9636474 ]
 [ -1.08933763 -14.10562483]
 [  8.12850656 -19.5567185 ]
 [-10.260969     2.07391791]
 [-15.50532883  19.94336178]
 [  1.66404809  12.68562818]
 [-23.03961851 -24.17915876]
 [-19.9566285   13.84906795]
 [ 24.93834167  -1.51189247]
 [  2.97968693  -2.49860433]
 [ 22.88511672  -6.75299078]
 [-22.96901354 -12.67010547]
 [ -2.52922727  -8.29282482]
 [ 18.4228554   -2.20783009]
 [ 21.03826634   6.53015579]
 [  7.38012912  -1.36077284]
 [-13.37889747 -18.96276407]
 [-18.81914596   8.31142157]
 [  1.3393313  -10.29098822]
 [ 16.42108453   6.07221393]
 [-24.88943066   4.62448412]
 [ 11.75880948  -9.85890377]
 [  9.67917724   4.3759541 ]
 [-20.52037962 -23.97244978]
 [ -3.97598846  -1.57588443]
 [ -5.6641213   -5.15957119]
 [ -6.90647562   7.14833849]
 [  0.62777463   1.24416427]
 [ -1.40132717  -7.89496002]
 [  3.25517668  -2.17320191]
 [ -1.56822041   0.54897313]
 [ -2.75451922  -3.66892412]
 [  0.19284408   5.28058385]
 [ -1.73942447  -2.49247814]
 [ -7.47227246  -5.09869845]
 [ -1.62434502   2.54344738]
 [ -9.53754332  -0.51895777]
 [ -6.58460709   0.49263571]
 [ -9.46760885   2.36139525]
 [ -6.11267832   2.260214  ]
 [ -6.01390512   5.64535541]
 [ -8.92844214  -1.80373857]
 [ -5.11486937   1.21194674]
 [ -6.28466148   5.23802834]
 [  6.3666283   -6.49712918]
 [ -6.82939503  -5.58508942]
 [ -2.66451453  -2.5921847 ]
 [  0.20162846  -8.81260121]
 [ -7.22017042  -2.99311063]
 [ -2.70069925   3.22027052]
 [  1.86717575   7.29727449]
 [  0.44946335   8.41292208]
 [  3.49129216   4.55141497]
 [ -7.07467953   2.99084456]
 [ -3.27127183  -2.69337135]
 [ -3.47027963   3.62524904]
 [  2.76049166   6.21007957]
 [ -1.73910738  -4.7002146 ]
 [ -3.91819679  -0.75834033]
 [  1.90112006  -3.96946184]
 [  6.99249663  -6.41143087]
 [ -6.80002274  -7.02384335]
 [  9.90143538  -0.31483149]
 [ -4.98349411   8.31816584]
 [ -5.06083035   6.04187381]
 [  1.92405932  -6.33525986]
 [  4.27289989   8.67079427]]
[ 13.14703274 -19.8118231 ]
[ 1.  1.  1.  1.  1. -1.  1. -1.  1.  1.  1.  1.  1.  1.  1.  1.  1.  1.
 -1.  1.  1.  1.  1.  1.  1.  1. -1.  1.  1.  1.  1.  1.  1.  1.  1.  1.
  1.  1.  1.  1.  1.  1. -1.  1.  1. -1.  1.  1. -1.  1.  1.  1.  1.  1.
  1.  1.  1. -1. -1. -1. -1. -1. -1. -1. -1. -1. -1. -1. -1. -1. -1. -1.
 -1. -1. -1. -1. -1. -1. -1. -1. -1. -1. -1. -1. -1. -1. -1. -1. -1. -1.
 -1. -1. -1. -1. -1. -1. -1. -1. -1. -1.]
Transformed Input
[ 172.84446992  392.50833447]
[ 104.97902355   63.2618992 ]
[ 423.03008042   75.42305592]
[ 184.54288827  481.37961809]
[ 202.5275867    73.55826706]
[ 71.8125482   26.58656478]
[ 244.83478273   11.02499347]
[  1.73447706  28.97397781]
[ 108.61042341  550.03343878]
[ 135.63427577    0.76069326]
[  1.62506642e+02   3.96528842e-02]
[ 609.2218123   447.99724235]
[ 117.95209654  540.37091772]
[ 505.25145509   44.82523005]
[ 100.56746626  123.06674304]
[ 492.56678626  433.30564681]
[  88.499154  249.684566]
[  55.70990923  481.3980447 ]
[  7.54686171  71.78238749]
[ 512.48568124   37.26094471]
[ 480.7730993   241.22363543]
[ 146.23793581  135.78860343]
[  10.82206208  200.46440662]
[ 502.93191095  316.65664068]
[ 120.8772765   501.62995425]
[   5.54684519  623.59875285]
[ 74.65703949   0.62728214]
[   8.51018715  150.60542814]
[ 139.11896358  129.78817   ]
[  72.41356425  338.94428263]
[  41.18647313  274.5856185 ]
[ 151.19918456  184.46844382]
[ 403.4425963   458.83089275]
[ 603.17583962    3.8559111 ]
[   1.18665646  198.96865175]
[  66.07261885  382.46523849]
[ 105.28748483    4.30113551]
[ 240.41522198  397.73767907]
[   2.76905603  160.92516226]
[ 530.8240211   584.63171814]
[ 398.26702117  191.79668295]
[ 621.92088523    2.28581885]
[ 8.87853421  6.24302362]
[ 523.7285675   45.6028845]
[ 527.57558306  160.53157263]
[  6.39699059  68.77094343]
[ 339.40160118    4.87451371]
[ 442.60865061   42.64293464]
[ 54.46630585   1.85170272]
[ 178.99489746  359.58642116]
[ 354.1602546    69.07972851]
[   1.79380832  105.90443855]
[ 269.65201717   36.87178202]
[ 619.48375849   21.38585334]
[ 138.26960041   97.19798359]
[ 93.68647197  19.14897425]
[ 421.08597986  574.67834864]
[ 15.80848425   2.48341173]
[ 32.08227006  26.62117482]
[ 47.69940551  51.09874322]
[ 0.39410099  1.54794473]
[  1.96371784  62.33039379]
[ 10.59617519   4.72280654]
[ 2.45931527  0.3013715 ]
[  7.58737613  13.46100417]
[  0.03718884  27.88456581]
[ 3.02559749  6.21244728]
[ 55.83485577  25.9967259 ]
[ 2.63849676  6.46912457]
[ 90.96473257   0.26931716]
[ 43.35705053   0.24268994]
[ 89.63561743   5.57618752]
[ 37.36483628   5.10856732]
[ 36.16705483  31.87003765]
[ 79.71707902   3.25347282]
[ 26.16188865   1.4688149 ]
[ 39.49696998  27.43694086]
[ 40.53395588  42.2126876 ]
[ 46.64063651  31.19322385]
[ 7.09963766  6.71942153]
[  4.06540358e-02   7.76619402e+01]
[ 52.13086092   8.95871123]
[  7.29377645  10.37014222]
[  3.48634527  53.25021494]
[  0.20201731  70.77725792]
[ 12.18912094  20.7153782 ]
[ 50.0510904    8.94515116]
[ 10.70121938   7.25424921]
[ 12.0428407   13.14243063]
[  7.6203142   38.56508831]
[  3.0244945  22.0920173]
[ 15.35226606   0.57508006]
[  3.61425748  15.75662732]
[ 48.89500911  41.10644585]
[ 46.24030923  49.33437544]
[ 98.03842263   0.09911886]
[ 24.83521356  69.19188295]
[ 25.61200384  36.50423912]
[  3.70200427  40.13551753]
[ 18.25767348  75.18267334]
--------------------------------------------------
Slope Value
-0.981734241797
Intercept Value
-102.795356065
--------------------------------------------------
Equation of line
[[ -6.68919786e+01  -2.82543516e+02]
 [ -2.66146028e-01   4.06889834e+01]
 [ -3.12507759e+02   2.87499594e+01]
 [ -7.83767164e+01  -3.69791498e+02]
 [ -9.60329107e+01   3.05806865e+01]
 [  3.22945185e+01   7.66944151e+01]
 [ -1.37567334e+02   9.19717425e+01]
 [  1.01092561e+02   7.43506099e+01]
 [ -3.83121561e+00  -4.37191305e+02]
 [ -3.03614568e+01   1.02048557e+02]
 [ -5.67429790e+01   1.02756427e+02]
 [ -4.95298558e+02  -3.37018877e+02]
 [ -1.30022560e+01  -4.27705277e+02]
 [ -3.93227298e+02   5.87888928e+01]
 [  4.06483083e+00  -1.80234796e+01]
 [ -3.80774324e+02  -3.22595635e+02]
 [  1.59127062e+01  -1.42328532e+02]
 [  4.81030306e+01  -3.69809588e+02]
 [  9.53863435e+01   3.23241283e+01]
 [ -4.00329386e+02   6.62150108e+01]
 [ -3.69196058e+02  -1.34022147e+02]
 [ -4.07714330e+01  -3.05129656e+01]
 [  9.21709672e+01  -9.40074162e+01]
 [ -3.90950122e+02  -2.08077311e+02]
 [ -1.58740053e+01  -3.89671947e+02]
 [  9.73498282e+01  -5.09412893e+02]
 [  2.95019840e+01   1.02179532e+02]
 [  9.44406139e+01  -4.50591497e+01]
 [ -3.37824942e+01  -2.46221346e+01]
 [  3.17044805e+01  -2.29957852e+02]
 [  6.23611851e+01  -1.66774748e+02]
 [ -4.56420608e+01  -7.83036318e+01]
 [ -2.93278055e+02  -3.47654643e+02]
 [ -4.89363020e+02   9.90098761e+01]
 [  1.01630375e+02  -9.25389824e+01]
 [  3.79296037e+01  -2.72683865e+02]
 [ -5.68973029e-01   9.85727841e+01]
 [ -1.33228500e+02  -2.87677343e+02]
 [  1.00076879e+02  -5.51903861e+01]
 [ -4.18332762e+02  -4.71157620e+02]
 [ -2.88197016e+02  -8.54980150e+01]
 [ -5.07765673e+02   1.00551289e+02]
 [  9.40789950e+01   9.66663660e+01]
 [ -4.11366912e+02   5.80254428e+01]
 [ -4.15143659e+02  -5.48039857e+01]
 [  9.65152114e+01   3.52805661e+01]
 [ -2.30406818e+02   9.80098790e+01]
 [ -3.31728712e+02   6.09313270e+01]
 [  4.93239186e+01   1.00977476e+02]
 [ -7.29300639e+01  -2.50222946e+02]
 [ -2.44895893e+02   3.49774212e+01]
 [  1.01034313e+02  -1.17465762e+00]
 [ -1.61931263e+02   6.65970651e+01]
 [ -5.05373062e+02   8.18001315e+01]
 [ -3.29486453e+01   7.37276734e+00]
 [  1.08201385e+01   8.39961523e+01]
 [ -3.10599169e+02  -4.61386057e+02]
 [  8.72756258e+01   1.00357306e+02]
 [  7.12990930e+01   7.66604372e+01]
 [  5.59672164e+01   5.26299701e+01]
 [  1.02408454e+02   1.01275686e+02]
 [  1.00867507e+02   4.16034742e+01]
 [  9.23927281e+01   9.81588152e+01]
 [  1.00380962e+02   1.02499489e+02]
 [  9.53465691e+01   8.95802273e+01]
 [  1.02758847e+02   7.54201230e+01]
 [  9.98250234e+01   9.66963838e+01]
 [  4.79803663e+01   7.72734801e+01]
 [  1.00205053e+02   9.64443950e+01]
 [  1.34921633e+01   1.02530958e+02]
 [  6.02302549e+01   1.02557099e+02]
 [  1.47970012e+01   9.73210218e+01]
 [  6.61130168e+01   9.77801006e+01]
 [  6.72889199e+01   7.15074488e+01]
 [  2.45343699e+01   9.96013104e+01]
 [  7.71113342e+01   1.01353370e+02]
 [  6.40198282e+01   7.58595717e+01]
 [  6.30017836e+01   6.13537152e+01]
 [  5.70066461e+01   7.21719001e+01]
 [  9.58253987e+01   9.61986699e+01]
 [  1.02755445e+02   2.65519701e+01]
 [  5.16167048e+01   9.40002825e+01]
 [  9.56348060e+01   9.26146324e+01]
 [  9.93726915e+01   5.05177967e+01]
 [  1.02597029e+02   3.33108984e+01]
 [  9.08288787e+01   8.24583599e+01]
 [  5.36584868e+01   9.40135949e+01]
 [  9.22896026e+01   9.56736112e+01]
 [  9.09724870e+01   8.98929819e+01]
 [  9.53142327e+01   6.49346883e+01]
 [  9.98261063e+01   8.11068662e+01]
 [  8.77235108e+01   1.02230780e+02]
 [  9.92471157e+01   8.73265355e+01]
 [  5.47934514e+01   6.24397506e+01]
 [  5.73996611e+01   5.43621104e+01]
 [  6.54767956e+00   1.02698048e+02]
 [  7.84137765e+01   3.48673153e+01]
 [  7.76511749e+01   6.69578946e+01]
 [  9.91609717e+01   6.33929442e+01]
 [  8.48711728e+01   2.89859513e+01]]
Support Vectors
[[  47.69940551   51.09874322]
 [ 105.28748483    4.30113551]
 [   1.79380832  105.90443855]]
Pre-images
[-6.90647562  7.14833849]
[-10.260969     2.07391791]
[  1.3393313  -10.29098822]
